0.464046,0.122780,-0.208952
0.083066,0.122780,0.175846
0.532495,-0.576263,0.534175
0.387094,0.115125,-0.392645
-0.449014,-0.087068,-0.426915
-0.167526,0.133257,0.092825
-0.394601,0.075745,0.420425
-0.409726,0.133257,-0.254031
0.015890,0.133257,0.162953
0.486918,-0.398879,-0.521999
-0.469229,0.099631,-0.394028
-0.205744,0.122780,0.075893
-0.349153,0.122780,0.210190
0.433501,-0.127720,-0.502853
-0.338160,0.133257,0.043503
-0.345464,0.122780,-0.373665
0.471258,-0.275593,-0.537880
-0.486807,-0.404375,-0.515635
-0.080226,0.122780,-0.375085
-0.305070,0.122780,0.169427
0.474726,-0.364903,0.511561
-0.584528,-0.510692,0.509532
-0.289373,0.133257,0.432967
-0.464710,-0.034426,-0.413524
-0.102471,0.133257,0.141151
0.326816,0.133257,-0.322130
0.330560,0.122780,-0.100736
0.557340,-0.515930,0.497008
0.522313,-0.440048,-0.492856
0.485977,-0.384104,0.507098
-0.258847,0.122780,0.295405
0.572262,-0.581096,-0.532273
0.546236,-0.310140,-0.475499
-0.494960,-0.025370,0.420573
-0.358375,0.123555,0.436952
-0.078105,0.122780,0.141815
0.380859,0.113687,0.398476
0.288321,0.122780,0.227897
-0.511542,-0.339744,0.463881
0.308150,0.122780,-0.134379
-0.292195,0.122780,-0.299812
0.039260,0.122780,-0.056542
0.038485,0.133257,0.461059
-0.217788,0.122780,0.124200
0.308832,0.133257,0.356126
0.282179,0.122780,0.424040
0.511394,-0.416475,0.489667
-0.230275,0.133257,0.185363
0.307356,0.122780,-0.466221
-0.311710,0.133257,0.252908
-0.281958,0.133257,-0.171251
0.190951,0.133257,0.372542
0.456317,0.122780,-0.131686
-0.445085,-0.203695,0.494149
0.277365,0.133257,-0.381486
-0.060066,0.133257,-0.283598
-0.097804,0.133257,0.285002
-0.007996,0.133257,-0.392995
-0.373574,0.133257,-0.208860
0.526500,-0.423650,-0.493096
-0.394878,0.035167,-0.458954
-0.240715,0.133257,0.218084
-0.171233,0.133257,-0.174239
-0.586649,-0.588382,0.538417
-0.488984,-0.195044,-0.443257
0.261595,0.133257,-0.309864
-0.020631,0.122780,0.154708
0.388440,0.109297,0.418913
-0.407715,0.122780,-0.288542
-0.243593,0.122780,-0.244661
-0.459398,0.028213,-0.407991
-0.280925,0.133257,-0.230588
-0.417676,0.122780,0.274065
-0.087660,0.122780,0.267627
-0.321633,0.133257,-0.456482
-0.386522,0.080412,-0.451871
0.316726,0.133257,-0.226751
0.473305,0.125860,-0.058478
-0.437873,0.072278,-0.392663
0.393273,0.122780,-0.358190
-0.486198,-0.448643,-0.548283
-0.413396,0.122780,-0.041159
-0.436157,-0.155664,0.455470
0.080779,0.133257,-0.367763
0.353026,0.115900,0.460266
0.384419,0.132205,0.361899
0.391945,0.133257,-0.163356
-0.450249,-0.233649,-0.524655
-0.293449,0.122780,-0.473802
0.552471,-0.383846,0.477475
-0.278620,0.122780,0.142202
-0.367469,0.133257,-0.105771
0.443185,-0.175825,0.505917
0.009748,0.122780,-0.359536
-0.496306,-0.485219,0.561215
0.470815,-0.074820,-0.420423
0.138051,0.122780,-0.355626
0.417380,0.122780,0.276186
-0.157307,0.133257,-0.439698
0.018897,0.133257,0.335486
-0.523402,-0.281071,-0.463012
0.501415,-0.410167,0.495145
0.422434,0.122780,-0.066908
0.475205,-0.338232,-0.530686
-0.268161,0.133257,0.409745
-0.443572,-0.150795,-0.450322
-0.433354,-0.053719,-0.432264
-0.492488,-0.319437,0.463807
-0.171934,0.122780,0.299426
0.499921,-0.395946,0.559813
0.560328,-0.569162,0.508297
-0.024412,0.133257,-0.057999
0.448755,-0.015151,0.402995
0.179884,0.133257,-0.452443
0.053555,0.122780,-0.041435
0.429167,0.122780,-0.081018
-0.306139,0.122780,-0.292397
0.059771,0.122780,0.408768
-0.138494,0.122780,-0.463971
-0.540519,-0.576835,0.523938
-0.276093,0.122780,0.261799
0.109369,0.122780,-0.135191
-0.311710,0.133257,0.252908
-0.040846,0.133257,0.218472
-0.426123,0.133257,0.184164
-0.121506,0.122780,0.285445
-0.329048,0.133257,-0.203271
-0.410390,0.042803,-0.410739
0.416643,0.122780,0.097639
-0.203586,0.133257,0.272847
0.508056,-0.516004,0.546053
-0.055270,0.122780,0.054773
0.418026,0.032068,0.404249
0.481476,-0.235014,-0.454804
-0.303612,0.133257,-0.296215
-0.522627,-0.451336,0.492545
-0.480776,-0.388052,-0.520154
-0.024412,0.133257,-0.057999
-0.182503,0.133257,0.058831
-0.265782,0.133257,0.293469
0.017052,0.122780,0.369333
-0.093986,0.122780,0.385306
-0.073531,0.122780,-0.222952
0.256596,0.122780,0.111086
0.557414,-0.588013,0.531888
0.244201,0.122780,-0.361694
0.406276,0.133257,0.337773
0.408287,0.086720,0.468179
0.138051,0.122780,-0.355626
0.433464,-0.122759,-0.483726
-0.558945,-0.447168,-0.496213
-0.411091,-0.026974,0.457130
0.163874,0.133257,0.201060
0.280242,0.122780,-0.160313
-0.135081,0.130398,-0.474946
0.061836,0.133257,0.003847
-0.345870,0.133257,0.319052
0.467846,-0.302947,-0.491436
-0.305494,0.133257,-0.397127
-0.451577,-0.051137,-0.417158
0.031550,0.133257,-0.003623
0.591722,-0.560456,0.522554
0.467532,0.133257,-0.314899
-0.460007,0.133257,-0.292194
-0.458052,-0.290995,0.521023
0.188719,0.133257,0.217162
0.497155,-0.229130,-0.455376
0.416661,-0.059308,0.468216
0.024633,0.133257,0.451892
-0.376082,0.133257,0.282623
0.191725,0.133257,-0.188570
0.083066,0.122780,0.175846
0.468602,-0.253810,0.536849
0.080484,0.122780,-0.236564
-0.527386,-0.328382,0.468271
-0.060748,0.133257,-0.061835
0.443258,0.133257,-0.133531
0.102452,0.133257,-0.261741
0.044295,0.133257,0.332904
0.368317,0.121728,-0.393751
-0.416255,-0.000266,0.479947
0.456945,-0.235125,-0.488245
0.395117,0.059754,-0.459876
-0.512114,-0.386429,-0.486880
0.309810,0.122780,-0.032028
0.168835,0.133257,0.380344
0.423928,0.000582,0.410262
0.221791,0.122780,0.098451
0.060748,0.133257,0.126303
0.493964,-0.420367,-0.518550
-0.205486,0.122780,0.338271
-0.109369,0.122780,0.128682
0.534671,-0.330633,0.464103
-0.098690,0.122780,0.075966
0.342568,0.122780,-0.061688
0.435143,-0.110364,-0.508903
-0.003661,0.122780,-0.264121
-0.434276,-0.175622,-0.487415
0.414687,0.111215,-0.381098
-0.070819,0.133257,-0.303999
-0.013732,0.133257,0.286995
-0.177302,0.122780,0.262721
-0.477658,-0.399432,-0.544280
0.163874,0.133257,0.201060
-0.361474,0.120068,-0.474946
0.431583,0.133257,0.218011
0.340613,0.133257,0.053335
-0.462829,0.118814,0.340891
-0.327167,0.133257,-0.132535
-0.266557,0.122780,0.280760
0.417177,0.009362,0.412770
0.597605,-0.543173,-0.525595
0.029281,0.133257,-0.314328
0.446579,-0.159538,-0.455560
-0.488043,-0.046120,0.415058
0.508904,-0.331555,-0.475665
0.330302,0.133257,-0.352177
0.403196,0.133257,-0.263936
-0.502743,-0.335521,0.469784
-0.167526,0.133257,0.092825
-0.466407,0.043135,0.401851
-0.413083,-0.024281,-0.447887
0.257186,0.133257,-0.384178
0.391945,0.133257,-0.163356
0.037674,0.122780,-0.079967
0.044701,0.133257,0.140966
-0.458771,-0.092841,-0.425145
0.145798,0.133257,0.309350
0.450415,-0.138086,-0.517664
0.468602,-0.253810,0.536849
-0.016462,0.122780,0.287917
0.588992,-0.567779,-0.531350
-0.159890,0.133257,0.369904
-0.150298,0.122780,0.003736
0.557340,-0.515930,0.497008
0.557340,-0.515930,0.497008
-0.530042,-0.467162,-0.496028
-0.102803,0.133257,0.188923
0.535981,-0.303002,0.461668
0.505805,-0.521482,-0.572058
-0.473471,-0.121486,0.427526
-0.572963,-0.587349,-0.542971
0.429111,0.133257,-0.320544
-0.020631,0.122780,0.154708
-0.566766,-0.535703,-0.509548
-0.299960,0.133257,-0.458382
-0.419742,0.125547,0.359907
0.416643,0.122780,0.097639
0.493964,-0.420367,-0.518550
-0.352381,0.122780,0.200211
-0.382243,0.133257,-0.350406
0.565622,-0.421271,0.494537
-0.469229,0.104298,0.383406
-0.495864,-0.416420,-0.498906
0.104131,0.122780,-0.472640
-0.429001,0.106677,0.382853
-0.488984,-0.195044,-0.443257
-0.334157,0.122780,-0.259472
-0.217788,0.122780,0.124200
-0.311285,0.133257,0.121931
-0.376082,0.133257,0.282623
0.163874,0.133257,0.201060
0.152548,0.122780,-0.354943
-0.276093,0.122780,0.261799
-0.441082,0.122780,0.181398
0.107543,0.122780,0.221441
0.408933,0.045035,0.467736
0.205633,0.133257,0.160333
0.414116,0.108374,0.387888
0.436877,-0.071002,-0.438462
-0.556658,-0.574898,-0.525485
0.548468,-0.496692,-0.505989
-0.467256,-0.054531,0.409782
-0.517998,-0.422710,-0.494165
0.030222,0.133257,0.142239
0.191891,0.133257,0.273659
0.456115,-0.175659,-0.451927
-0.195175,0.133257,-0.366268
0.261595,0.133257,-0.309864
0.343841,0.133257,0.323515
0.082587,0.133257,0.194881
0.484391,-0.273527,0.462535
0.376820,0.122780,-0.251836
-0.070819,0.133257,-0.303999
-0.384549,0.122780,0.281922
-0.490699,-0.338250,0.476221
0.040772,0.122780,0.271962
0.247835,0.133257,-0.344559
0.113630,0.133257,0.143143
0.352362,0.133257,0.146149
0.424703,0.133257,0.052043
-0.295294,0.122780,0.160407
0.259031,0.122780,-0.047282
-0.060785,0.122780,-0.014819
0.347179,0.133257,0.087937
-0.066061,0.122780,0.412863
-0.471295,-0.062444,-0.419021
-0.582647,-0.537972,0.515859
-0.157990,0.122780,-0.365070
0.414927,0.122780,0.258257
0.429111,0.133257,-0.320544
0.303133,0.133257,-0.062278
-0.197997,0.133257,-0.387665
-0.209839,0.122780,0.306085
0.419114,-0.038429,-0.438554
0.323311,0.133257,-0.178905
-0.256154,0.133257,-0.186910
-0.074269,0.122780,0.034244
-0.415739,-0.025370,-0.483412
0.449862,0.133257,-0.004767
0.134362,0.133257,-0.022677
0.239110,0.122780,0.291753
-0.082735,0.133257,-0.099518
0.551143,-0.490771,0.492028
-0.451854,-0.270963,0.502302
-0.071391,0.122780,-0.260229
0.176269,0.122780,-0.137533
-0.325894,0.122780,0.284136
-0.423338,-0.066354,-0.501359
0.396316,0.101550,0.459085
-0.375972,0.133257,0.225813
-0.380435,0.122780,0.314293
-0.126597,0.133257,0.320325
-0.249550,0.122780,0.373575
-0.474154,-0.353892,-0.533988
0.058867,0.122780,-0.238759
-0.478101,-0.371709,-0.554794
0.104001,0.122780,0.089044
0.322020,0.122780,0.352419
-0.576394,-0.528344,0.510842
-0.230239,0.133257,0.098746
-0.201409,0.133257,0.147994
0.505805,-0.521482,-0.572058
0.502467,-0.132092,0.428799
0.038172,0.133257,-0.371488
-0.190600,0.122780,-0.402623
-0.374367,0.122780,-0.222324
0.497265,-0.448145,-0.528713
0.532495,-0.576263,0.534175
0.495199,-0.251855,0.447650
-0.410390,0.042803,-0.410739
0.008752,0.122780,0.146020
-0.410796,-0.039978,0.442153
-0.136391,0.122780,-0.246653
-0.507133,-0.311450,-0.465760
-0.576357,-0.588861,0.541497
0.478913,-0.363188,0.521171
0.005782,0.122780,-0.167746
0.475205,-0.338232,-0.530686
0.462644,0.133257,-0.182705
0.270504,0.122780,-0.058202
0.479577,-0.058755,-0.419058
0.264749,0.133257,-0.432357
0.082550,0.122780,-0.384142
0.481403,-0.315084,0.479596
0.031919,0.133257,0.188407
0.448755,-0.015151,0.402995
-0.245271,0.122780,-0.010540
0.353358,0.122780,-0.231492
0.264749,0.133257,-0.432357
0.461740,-0.261999,-0.480571
-0.058978,0.133257,0.058444
-0.434461,0.122780,0.276831
0.456317,0.122780,-0.131686
0.249107,0.133257,-0.411348
-0.441193,0.048834,0.395266
-0.238354,0.133257,0.378168
0.454565,-0.238630,0.516615
0.159170,0.133257,-0.375436
0.455543,0.122780,0.169999
-0.058978,0.133257,0.058444
-0.220168,0.133257,0.302267
-0.092824,0.133257,0.332627
-0.391189,0.095389,0.461410
-0.529839,-0.513735,0.506212
0.465540,0.133257,-0.238814
-0.348710,0.133257,-0.230994
0.144396,0.122780,0.053464
-0.278564,0.122780,0.403917
0.535520,-0.220535,0.458053
-0.372984,0.116472,-0.448791
-0.339598,0.133257,0.385066
0.357361,0.133257,-0.241212
-0.127408,0.133257,0.380363
0.434128,-0.012292,0.413619
0.247281,0.133257,0.241841
-0.175494,0.133257,0.018123
0.488043,-0.126319,-0.431213
0.511080,-0.527237,-0.566894
-0.220186,0.122780,0.063073
-0.140135,0.122780,0.145209
0.535852,-0.229739,0.456669
0.275096,0.122780,0.124089
0.303133,0.133257,-0.062278
-0.469229,0.133146,-0.140761
-0.443572,-0.150795,-0.450322
-0.349153,0.122780,0.210190
0.436120,-0.097858,0.503501
-0.553578,-0.595704,0.533511
-0.194529,0.133257,0.234500
-0.479152,-0.350018,0.492508
-0.091182,0.122780,-0.123570
-0.186524,0.122780,0.103542
0.331888,0.122780,-0.444752
0.234130,0.122780,-0.219097
-0.018842,0.133257,-0.380932
-0.316727,0.122780,0.244295
0.498409,-0.301545,-0.465668
0.005303,0.122780,0.185437
0.432690,0.021794,0.404636
0.248517,0.133257,0.012350
-0.216903,0.122780,0.105349
0.421789,0.133257,0.293118
0.184015,0.133257,-0.240751
-0.457996,0.122780,-0.322609
0.117097,0.122780,-0.046360
-0.471295,-0.062444,-0.419021
0.427912,0.133257,-0.139378
-0.374367,0.122780,-0.222324
-0.378572,0.112414,0.465320
0.565622,-0.421271,0.494537
-0.285666,0.133257,0.223710
0.051028,0.133257,-0.310159
-0.060453,0.133257,0.366197
0.549040,-0.442003,-0.491196
0.484796,-0.343581,-0.551603
0.123000,0.122780,-0.383072
-0.492341,-0.484463,-0.549924
-0.365071,0.133257,-0.226622
0.471055,-0.350424,0.516781
-0.412456,0.133257,-0.207569
0.428023,0.122780,-0.332145
0.473305,0.123204,0.333845
-0.382243,0.133257,-0.350406
0.349817,0.122780,0.360405
0.414245,0.109500,0.378758
-0.470502,-0.313405,0.478877
0.142090,0.133257,0.289983
-0.450342,-0.040162,-0.420367
-0.041824,0.122780,0.344856
-0.202811,0.122780,-0.452185
-0.535520,-0.357027,0.469064
-0.194271,0.133257,-0.253589
-0.487158,-0.425716,0.526502
-0.556658,-0.574898,-0.525485
-0.365071,0.133257,-0.226622
-0.420553,-0.022677,0.417492
0.007682,0.133257,0.049572
-0.406369,0.063332,-0.477694
0.036327,0.122780,-0.002572
-0.049331,0.122780,-0.334248
0.316726,0.122780,-0.025480
-0.116102,0.133257,0.287234
-0.432100,-0.130838,-0.493188
-0.049331,0.122780,-0.334248
-0.467993,-0.243554,0.455101
0.249107,0.133257,-0.411348
-0.134288,0.122780,0.391522
0.554961,-0.332717,0.475852
-0.019376,0.122780,-0.324712
0.207311,0.133257,0.264215
-0.090795,0.133257,0.425922
-0.087881,0.122780,0.294871
-0.076316,0.133257,0.440475
0.022641,0.122780,-0.167303
-0.424076,-0.069711,-0.440399
0.454565,-0.238630,0.516615
-0.129585,0.122780,-0.260745
0.469450,-0.266998,0.528660
-0.058978,0.133257,0.058444
0.404432,0.061783,0.415519
0.450507,-0.195598,-0.512020
0.497302,-0.480239,0.553892
-0.365071,0.133257,-0.226622
-0.430458,0.133257,-0.165422
0.457941,0.133257,-0.291106
-0.477548,-0.039425,0.415556
0.508185,-0.517664,-0.555347
-0.379384,0.133257,0.253185
0.494296,-0.438332,0.523052
0.123608,0.133257,-0.297506
0.260562,0.133257,-0.125599
0.148048,0.133257,0.260729
0.427931,-0.106084,0.453349
-0.490275,-0.212327,-0.452148
-0.313517,0.133257,-0.069398
-0.518034,-0.580414,0.569294
0.429351,-0.103281,0.491991
-0.492543,-0.219945,0.440751
-0.236713,0.133257,0.062151
-0.408859,-0.032139,-0.478985
0.224004,0.122780,-0.247649
-0.412456,0.133257,-0.207569
-0.212126,0.122780,-0.367025
-0.051747,0.122780,0.250511
0.473785,-0.279762,0.474118
0.462699,0.009362,0.403566
0.354409,0.126616,0.445842
-0.469229,0.127594,0.030666
-0.507078,-0.477048,0.570917
0.414687,0.111215,-0.381098
0.371637,0.122780,-0.096696
-0.416348,-0.010485,-0.486843
0.223414,0.133257,-0.109036
0.078972,0.122780,-0.215149
-0.126043,0.133257,-0.114090
0.562671,-0.525429,0.499332
0.370715,0.122780,-0.165883
-0.394103,0.133257,-0.150777
0.423467,-0.089410,-0.488724
0.419243,-0.035016,0.442448
-0.080208,0.122780,-0.272919
0.170846,0.133257,-0.394969
0.407346,0.133257,0.021167
-0.498077,-0.395098,0.489575
0.440658,0.122780,-0.258126
0.284632,0.122780,-0.006372
0.403233,0.133257,0.050236
-0.405318,0.112414,-0.395043
-0.468565,-0.329397,0.511192
-0.461021,-0.286752,0.498373
0.442502,0.114627,0.377577
-0.100257,0.133257,0.087679
0.334950,0.133257,-0.376524
-0.401813,0.006374,-0.441247
-0.496140,-0.421179,0.568427
-0.129585,0.122780,-0.260745
0.052079,0.122780,0.325563
0.478230,-0.112632,-0.432947
-0.262296,0.122780,0.223618
0.534671,-0.330633,0.464103
0.455543,0.122780,0.169999
-0.408988,0.122780,0.191339
0.068827,0.122780,0.011133
0.573240,-0.450986,-0.502429
0.435456,-0.080428,0.428522
0.152641,0.133257,-0.223413
-0.295718,0.122780,0.068183
0.460117,-0.098577,0.419798
0.440658,0.122780,-0.258126
-0.437873,-0.108169,-0.516410
-0.464710,-0.034426,-0.413524
0.559461,-0.458806,-0.501672
-0.158285,0.122780,-0.093044
-0.001817,0.133257,-0.353412
-0.213085,0.122780,0.162860
0.513626,-0.539779,-0.548652
-0.463198,-0.232284,0.461852
-0.423338,-0.066354,-0.501359
-0.448884,-0.196907,0.510049
0.309810,0.122780,-0.032028
-0.233485,0.122780,0.290610
-0.431786,0.023971,0.397000
-0.456096,-0.247004,-0.476052
0.553006,-0.560567,0.506249
0.286809,0.122780,-0.153285
0.270965,0.122780,-0.391058
-0.098155,0.122780,-0.414797
0.156403,0.133257,0.387446
-0.353819,0.122780,-0.251246
-0.520709,-0.171545,-0.457571
-0.028138,0.133257,-0.403121
-0.146019,0.122780,0.054146
0.444199,0.122780,-0.233225
0.007793,0.122780,-0.215186
-0.141426,0.122780,-0.321982
-0.545259,-0.323716,0.478010
0.541607,-0.383145,0.478600
-0.169610,0.122780,0.012811
0.513626,-0.539779,-0.548652
-0.409154,0.133257,0.263606
-0.047855,0.133257,0.245254
0.526500,-0.423650,-0.493096
-0.281958,0.133257,-0.171251
0.194345,0.127539,0.467589
0.440252,0.133257,-0.217824
-0.278767,0.133257,0.044407
0.421106,-0.014579,0.488708
0.347161,0.122780,-0.303648
0.366104,0.133257,0.269029
0.435253,-0.001281,0.409745
-0.402754,0.077516,-0.412805
0.416587,0.133257,-0.137109
0.343250,0.133257,-0.323901
0.062832,0.133257,0.151498
0.209635,0.122780,0.396207
0.249107,0.133257,-0.411348
-0.456705,0.049166,-0.404394
0.524139,-0.530871,0.511321
0.556861,-0.530705,0.504866
0.545997,-0.595169,0.537864
-0.150298,0.122780,0.003736
0.501876,-0.173630,0.433539
-0.409726,0.133257,-0.254031
-0.371121,0.133257,-0.326852
0.354004,0.133257,0.216406
0.549003,-0.593122,-0.568259
0.457387,-0.244753,0.488284
-0.093396,0.133257,0.389198
0.451669,0.133257,-0.242761
-0.424076,-0.069711,-0.440399
0.364093,0.133257,-0.223044
-0.059181,0.122780,0.178575
-0.229132,0.133257,0.366603
-0.299960,0.133257,-0.458382
0.098413,0.122780,-0.281569
-0.478784,-0.380489,0.546809
0.444273,-0.151072,0.456835
0.283249,0.122780,-0.111120
-0.433354,-0.053719,-0.432264
-0.335559,0.133257,-0.074784
-0.017016,0.122780,-0.136740
0.078695,0.122780,0.270265
-0.361050,0.133257,0.160094
0.181193,0.133257,0.177856
-0.495421,-0.325985,-0.477528
0.239110,0.122780,0.291753
-0.423504,-0.018084,-0.427874
-0.371010,0.133257,-0.096309
0.198568,0.133257,0.349006
-0.050309,0.122780,-0.391907
-0.445195,-0.216717,-0.480719
0.461740,-0.261999,-0.480571
-0.255010,0.122780,-0.240917
-0.321633,0.133257,-0.456482
0.244201,0.122780,-0.361694
-0.113058,0.133257,0.341167
0.312853,0.122780,-0.161881
0.446579,-0.159538,-0.455560
0.397958,0.059292,0.459805
-0.421199,-0.036916,0.484300
0.301104,0.133257,0.110274
-0.177966,0.133257,-0.125747
0.428761,0.122780,-0.100625
0.338344,0.133257,-0.246321
0.006557,0.122780,0.449881
0.505676,-0.148692,0.437689
0.479281,0.072388,-0.410628
-0.492543,-0.219945,0.440751
-0.415425,0.133257,0.307782
0.290793,0.133257,0.157106
-0.582647,-0.537972,0.515859
-0.453164,0.133257,-0.114200
0.285204,0.122780,0.260858
0.451153,-0.115141,-0.442317
0.066153,0.133257,-0.318035
0.522055,-0.569752,0.545445
0.080779,0.133257,-0.367763
0.143566,0.133257,-0.336757
-0.450028,-0.105937,-0.431508
-0.414079,0.020614,-0.491380
0.181341,0.122780,-0.365531
0.106455,0.122780,-0.042247
-0.266557,0.122780,0.280760
0.338344,0.133257,-0.246321
-0.110181,0.122780,-0.100145
-0.374847,0.133257,-0.277217
0.454565,-0.238630,0.516615
0.409449,0.057577,-0.476440
0.516337,-0.399266,-0.490237
0.183665,0.122780,-0.318847
-0.303612,0.133257,-0.296215
0.044295,0.133257,0.332904
0.459619,-0.245657,0.525690
-0.410925,-0.047688,-0.455505
-0.229298,0.133257,0.267904
0.469930,-0.310565,-0.525190
0.068864,0.133257,-0.292581
0.397958,0.059292,0.459805
0.151645,0.122780,-0.111637
-0.420369,0.070876,0.389124
0.170846,0.133257,-0.394969
0.122354,0.122780,-0.247410
-0.293781,0.122780,0.095352
0.138051,0.122780,-0.355626
0.392590,0.122780,0.224927
-0.448755,0.133257,-0.085242
0.432413,-0.103318,-0.493114
-0.266557,0.122780,0.280760
0.115013,0.122780,0.214783
-0.417085,-0.059935,0.483820
0.489979,-0.377667,0.557600
-0.230386,0.122780,0.213473
-0.480886,-0.116395,-0.434515
-0.494572,-0.404320,-0.565898
0.214874,0.122780,0.432303
-0.197997,0.133257,-0.387665
0.456889,0.122780,-0.248793
-0.395210,0.123610,0.354263
0.380859,0.113687,0.398476
-0.171086,0.133257,-0.200541
0.399673,0.120437,-0.396020
-0.407715,0.122780,-0.288542
0.429111,0.133257,-0.320544
-0.131909,0.122780,0.231641
0.398991,0.054644,-0.468379
0.270965,0.122780,-0.391058
0.528695,-0.495401,0.497635
0.040772,0.122780,0.271962
-0.423541,-0.106582,-0.461795
0.413950,-0.012513,0.440788
0.006963,0.122780,-0.104296
-0.251856,0.122780,-0.071298
0.489979,-0.377667,0.557600
0.003071,0.133257,0.295018
-0.131909,0.122780,0.231641
0.347161,0.122780,-0.303648
-0.538047,-0.301564,0.464582
0.556400,-0.579491,-0.529432
-0.478101,-0.371709,-0.554794
0.421752,-0.058995,0.437542
-0.425625,0.133257,0.013992
0.468602,-0.253810,0.536849
-0.531425,-0.591942,-0.551031
0.431454,-0.083969,0.488431
0.401093,0.122780,-0.268345
-0.178242,0.122780,-0.282750
-0.031200,0.133257,0.123333
-0.177966,0.133257,-0.125747
0.429111,0.133257,-0.320544
-0.420590,-0.080096,0.444274
-0.319364,0.122780,-0.291604
0.227029,0.133257,-0.444290
0.507668,-0.177485,0.441673
-0.098339,0.133257,-0.396131
-0.373574,0.133257,-0.208860
-0.021664,0.133257,0.389327
0.033542,0.122780,-0.436912
0.349817,0.122780,0.360405
0.461759,-0.264748,0.512539
0.002444,0.133257,-0.021201
-0.197370,0.122780,0.389364
0.247835,0.133257,-0.344559
-0.291494,0.122780,-0.357323
0.018030,0.122780,-0.109737
0.271739,0.133257,-0.201814
-0.424795,0.133257,0.197592
-0.220315,0.122780,-0.148563
0.030333,0.122780,0.345594
-0.336057,0.122780,0.400394
-0.507705,-0.563075,0.557489
0.485792,-0.141941,-0.438757
0.119772,0.133257,-0.101639
0.047044,0.122780,-0.430807
-0.178150,0.133257,-0.393770
-0.289668,0.133257,0.301160
-0.424795,0.133257,0.197592
0.488246,-0.014782,0.417234
-0.202793,0.122780,-0.201777
0.106326,0.133257,0.306546
0.456317,0.122780,-0.131686
-0.269434,0.133257,-0.288247
0.225738,0.122780,0.344284
0.529562,-0.528805,-0.513883
-0.247890,0.133257,0.352824
-0.234831,0.133257,-0.157066
0.170237,0.122780,0.423690
-0.519344,-0.178222,0.452095
-0.082735,0.133257,-0.099518
0.158395,0.133257,0.439792
-0.385231,0.133257,0.289964
-0.319899,0.133257,-0.187759
0.380140,0.122780,-0.203252
-0.234831,0.133257,-0.157066
-0.537383,-0.304478,-0.478192
0.240918,0.122780,0.303429
-0.338160,0.133257,0.043503
-0.461667,0.133257,-0.097102
-0.462866,-0.253072,-0.542104
0.334581,0.122780,-0.204156
-0.202682,0.133257,-0.077606
0.096826,0.133257,-0.293817
0.104001,0.122780,0.089044
0.503721,-0.513071,0.561492
0.366104,0.133257,0.269029
0.454178,-0.211589,0.472200
0.518514,-0.133235,-0.449344
-0.350462,0.115310,-0.465963
-0.402164,0.053335,-0.424185
-0.366214,0.122780,-0.135265
0.406276,0.133257,0.337773
-0.420848,0.133257,0.233172
-0.017532,0.133257,-0.246598
-0.162841,0.133257,0.246084
0.202626,0.122780,0.383148
-0.017052,0.133257,0.455913
-0.091441,0.133257,0.023122
0.431749,0.122780,-0.249420
-0.494720,-0.054955,-0.427856
0.422434,0.122780,-0.066908
-0.036549,0.122780,0.241841
0.017200,0.122780,0.221866
0.472346,0.133257,0.189273
0.341904,0.133257,-0.035533
-0.433354,-0.053719,-0.432264
-0.557101,-0.519748,-0.505546
-0.469819,-0.307945,-0.484722
0.102471,0.133257,-0.241138
0.473305,0.132759,0.093747
0.116673,0.122780,0.239481
0.341904,0.133257,-0.035533
0.309994,0.133257,0.314846
-0.476017,-0.009341,0.405927
0.323588,0.133257,-0.359573
-0.102803,0.133257,0.188923
-0.427027,0.122780,0.197352
0.248517,0.133257,0.012350
-0.449014,-0.087068,-0.426915
-0.518034,-0.580414,0.569294
0.047044,0.122780,-0.430807
0.467532,0.133257,-0.314899
0.574088,-0.566432,-0.516226
-0.093488,0.122780,0.027715
-0.406314,0.133257,0.100996
0.454565,-0.238630,0.516615
-0.138752,0.133257,0.198053
0.520155,-0.267533,-0.464119
-0.104481,0.133257,0.166033
0.130913,0.133257,-0.246284
-0.026090,0.133257,0.184459
0.074932,0.122780,-0.224280
0.574586,-0.488005,-0.511688
0.248812,0.122780,-0.010909
-0.335596,0.132205,0.438833
-0.114386,0.122780,0.006558
-0.113058,0.133257,0.341167
0.039039,0.133257,-0.439937
0.450489,0.122780,0.035886
0.445048,0.133257,0.081389
0.397700,0.068146,-0.450193
0.165810,0.133257,0.390157
-0.070709,0.122780,0.233191
-0.136299,0.133257,0.031809
0.502504,-0.508774,-0.565363
-0.486973,-0.276534,-0.461979
-0.446579,-0.100090,-0.437687
0.505031,-0.094888,0.427028
0.138383,0.133257,-0.389011
0.495328,-0.460946,0.520157
-0.117374,0.133257,-0.362413
-0.005045,0.122780,0.230276
-0.279025,0.133257,0.452206
0.174738,0.133257,0.242764
-0.449807,0.122780,0.197463
-0.401315,0.105497,0.396170
0.176545,0.133257,0.340097
0.535981,-0.303002,0.461668
0.505879,-0.394434,0.479965
0.156901,0.122780,0.159374
0.327369,0.122780,-0.058478
-0.256246,0.133257,-0.105292
-0.247761,0.133257,0.265838
-0.523420,-0.407050,-0.489480
-0.348710,0.133257,-0.230994
-0.480886,-0.116395,-0.434515
-0.491935,-0.438314,0.562045
0.181673,0.133257,-0.141130
0.395855,0.133257,0.008624
-0.513405,-0.300697,0.461723
-0.042875,0.133257,0.042950
-0.093986,0.122780,0.385306
0.164279,0.122780,-0.247834
0.284632,0.122780,-0.006372
0.323311,0.133257,-0.178905
-0.458052,-0.290995,0.521023
0.290793,0.133257,0.157106
0.370586,0.122780,0.083953
-0.378572,0.112414,0.465320
-0.417676,0.122780,0.274065
-0.418727,-0.068955,-0.448883
-0.423504,-0.018084,-0.427874
0.339967,0.133257,0.375530
-0.500438,-0.172357,0.434037
-0.373574,0.133257,-0.208860
0.304774,0.133257,0.434037
-0.010504,0.133257,0.042341
0.455543,0.122780,0.169999
0.259049,0.133257,-0.393087
-0.203364,0.122780,-0.250601
-0.402994,-0.002775,-0.472345
0.279523,0.122780,0.277957
0.359500,0.133257,-0.066151
0.145798,0.133257,0.309350
-0.444439,0.133257,0.234869
-0.339598,0.133257,0.385066
-0.423504,-0.018084,-0.427874
-0.556658,-0.574898,-0.525485
-0.480776,-0.388052,-0.520154
-0.016462,0.122780,0.287917
-0.171086,0.133257,-0.200541
0.163874,0.133257,0.201060
-0.472475,-0.205632,0.447428
0.327056,0.122780,-0.245602
-0.413396,0.122780,-0.041159
-0.278195,0.131431,-0.474946
0.330523,0.133257,0.097695
0.534948,-0.550736,0.516541
0.429167,0.122780,-0.081018
0.423467,-0.089410,-0.488724
-0.494960,-0.025370,0.420573
0.506229,-0.490144,0.514789
0.460541,0.133257,-0.133291
0.507262,-0.350516,0.473583
0.472881,-0.358577,-0.523308
0.434128,-0.012292,0.413619
-0.353819,0.122780,-0.251246
0.507816,-0.544852,0.554298
-0.009564,0.122780,-0.426085
0.400485,0.071964,0.418433
0.471221,-0.080391,0.414191
0.522738,-0.391187,0.479301
0.010264,0.122780,-0.119623
-0.554961,-0.533268,-0.512776
-0.485571,-0.251430,-0.461702
0.251727,0.133257,0.076225
-0.397737,0.133257,-0.279725
-0.471295,-0.062444,-0.419021
0.161734,0.133257,-0.234221
0.545997,-0.595169,0.537864
-0.469229,0.127815,0.006300
-0.185122,0.133257,-0.186929
-0.462866,-0.253072,-0.542104
0.127998,0.122780,0.381654
-0.230239,0.133257,0.098746
-0.017016,0.122780,-0.136740
-0.391189,0.095389,0.461410
0.297083,0.122780,-0.172984
0.425201,0.133257,-0.233816
-0.572779,-0.537677,-0.517664
-0.223857,0.133257,0.442135
0.167249,0.122780,0.360166
0.444789,-0.141222,0.442522
-0.469303,-0.275280,0.533271
-0.574752,-0.456667,0.499627
-0.205486,0.122780,0.338271
-0.286698,0.122780,-0.109331
0.499497,-0.493335,-0.539411
0.473305,0.131467,-0.091569
0.061634,0.122780,0.216978
-0.480886,-0.116395,-0.434515
-0.203364,0.122780,-0.250601
-0.279413,0.122780,0.061598
-0.441082,0.122780,0.181398
0.213546,0.133257,-0.402347
-0.450249,-0.233649,-0.524655
-0.384549,0.122780,0.281922
-0.516448,-0.230643,0.452925
-0.153545,0.122780,0.232195
0.389252,0.133257,-0.004896
0.553762,-0.507685,0.495145
-0.325894,0.122780,0.284136
-0.413396,0.025501,0.477364
0.408287,0.086720,0.468179
-0.450028,-0.105937,-0.431508
-0.315085,0.122780,0.214912
0.440934,0.122780,0.263994
-0.087660,0.122780,0.267627
-0.280907,0.122780,0.002187
-0.454141,0.133257,0.071318
0.228707,0.133257,-0.090609
-0.472734,-0.357525,-0.505251
-0.016462,0.122780,0.287917
-0.100700,0.128221,-0.474946
-0.563796,-0.431434,-0.497430
-0.512372,-0.493667,-0.519195
-0.293781,0.122780,0.095352
0.230478,0.122780,0.437708
-0.285666,0.133257,0.223710
0.534671,-0.330633,0.464103
-0.071391,0.122780,-0.260229
-0.069713,0.133257,0.197131
0.152788,0.133257,-0.357230
0.413470,-0.036621,0.471296
0.455635,0.133257,0.290850
0.464046,0.122780,-0.208952
0.394453,0.133257,0.268531
0.317446,0.122780,-0.414151
-0.449124,-0.052686,0.410409
-0.402920,-0.012108,0.454364
0.415130,-0.031364,-0.443128
0.068827,0.122780,0.011133
0.109369,0.122780,-0.135191
-0.545333,-0.591942,0.583146
0.340613,0.133257,0.053335
0.507262,-0.350516,0.473583
-0.111546,0.133257,-0.114588
-0.254457,0.133257,-0.427340
0.128957,0.122780,-0.081221
-0.495864,-0.416420,-0.498906
0.145945,0.122780,0.387704
-0.447870,-0.136187,-0.441948
-0.049700,0.133257,0.232693
0.176269,0.122780,-0.137533
0.161070,0.133257,0.358284
0.078972,0.122780,-0.215149
-0.502780,-0.484943,-0.570380
-0.467311,0.057651,0.394934
-0.207976,0.133257,0.244830
0.268327,0.133257,0.392684
-0.487028,-0.416051,-0.522810
-0.526427,-0.208620,0.458551
-0.043761,0.133257,0.153158
0.157510,0.133257,0.316377
-0.227988,0.122780,-0.465520
-0.280907,0.122780,0.002187
-0.434461,0.122780,0.276831
0.168835,0.133257,0.380344
-0.471775,0.082994,-0.410038
-0.200450,0.122780,0.435660
-0.169610,0.122780,0.012811
-0.471535,-0.318478,-0.539558
-0.329048,0.133257,-0.203271
0.027049,0.122780,0.458919
-0.330007,0.133257,0.417142
0.199546,0.133257,0.454308
0.259031,0.122780,-0.047282
0.312853,0.122780,-0.161881
-0.455119,0.122780,-0.102654
-0.428300,-0.082291,0.490958
0.546439,-0.288505,0.472882
-0.423338,-0.066354,-0.501359
0.495328,-0.460946,0.520157
0.227435,0.122780,0.280354
0.299480,0.122780,-0.110917
0.042635,0.133257,0.378168
0.448110,0.122780,0.055566
0.410297,0.133257,-0.334746
-0.470078,-0.217197,-0.452996
-0.432468,0.111307,0.363393
0.039260,0.122780,-0.056542
-0.469690,-0.364811,0.519732
0.264749,0.133257,-0.432357
-0.570215,-0.461757,-0.503701
-0.439330,-0.119033,0.511690
-0.331925,0.122780,-0.070818
0.012884,0.133257,0.309922
0.083823,0.133257,0.323460
-0.466407,0.043135,0.401851
-0.466813,-0.340390,-0.535353
-0.161273,0.122780,-0.184992
0.120547,0.133257,0.105700
-0.030204,0.122780,-0.351088
-0.352768,0.133257,0.122853
-0.558945,-0.447168,-0.496213
0.403233,0.133257,0.050236
0.584952,-0.482231,-0.512832
-0.353819,0.122780,-0.251246
0.419483,0.123241,0.367082
0.456945,-0.235125,-0.488245
0.431583,0.133257,0.218011
0.503702,-0.396333,-0.496157
0.005303,0.122780,0.185437
0.193828,0.133257,0.435494
0.107488,0.133257,0.344506
0.535981,-0.303002,0.461668
0.032915,0.122780,-0.235347
0.488246,-0.014782,0.417234
0.417177,0.009362,0.412770
0.087087,0.122780,-0.349225
0.331095,0.122780,-0.322886
0.038172,0.133257,-0.371488
0.570196,-0.570195,0.509495
0.443185,-0.175825,0.505917
-0.372984,0.116472,-0.448791
0.526187,-0.520689,-0.520542
0.344191,0.122780,0.147791
-0.213085,0.122780,0.162860
-0.008568,0.122780,0.121747
0.426935,-0.098633,-0.458235
0.521317,-0.567373,-0.590319
0.017052,0.122780,0.369333
0.331169,0.133257,-0.120380
-0.362784,0.133127,0.385066
-0.248757,0.133257,0.157733
0.142920,0.133257,-0.171306
0.388016,0.122780,0.041954
-0.497616,-0.247538,-0.453365
-0.153305,0.122780,-0.393253
0.365716,0.133257,-0.208620
-0.119938,0.133257,0.203181
-0.091717,0.133257,0.147736
-0.540002,-0.372208,0.472624
0.114515,0.133257,-0.403933
0.442281,-0.168631,-0.466277
0.017716,0.122780,-0.216035
-0.407015,0.023436,-0.421972
-0.423873,0.117523,0.352511
0.257242,0.122780,0.174056
0.562671,-0.525429,0.499332
0.419225,-0.020814,-0.483172
0.444457,0.122780,-0.001650
0.397368,0.049443,0.455931
-0.083288,0.133257,-0.082401
-0.516688,-0.570767,-0.540388
-0.255010,0.122780,-0.240917
-0.429444,0.122780,-0.142274
0.221791,0.122780,0.098451
0.247281,0.133257,0.241841
0.477548,-0.025941,-0.413985
0.008752,0.122780,0.146020
0.447796,0.133257,0.067722
-0.300956,0.122780,0.357436
-0.087604,0.133257,0.054533
0.042635,0.133257,0.378168
0.399101,0.115992,0.372800
-0.345464,0.122780,-0.373665
0.487785,-0.022750,0.410668
-0.149671,0.133257,-0.193016
0.219393,0.122780,-0.297985
0.103411,0.133257,-0.006113
0.111914,0.133257,-0.200541
-0.575195,-0.515875,0.509145
-0.435254,-0.149670,-0.493963
0.299480,0.122780,-0.110917
0.324842,0.133257,0.145541
0.442908,0.119183,-0.350609
0.340613,0.133257,0.053335
-0.138752,0.133257,0.198053
-0.431546,0.014693,-0.406903
-0.425607,-0.033854,0.493135
0.401241,0.051398,-0.439901
0.109756,0.133257,-0.456224
0.275613,0.133257,-0.104000
-0.562745,-0.383736,-0.495955
0.070100,0.133257,-0.069527
-0.262720,0.133257,-0.304644
-0.382575,0.111362,0.452003
-0.270854,0.133257,0.028692
0.475906,-0.335797,0.528494
-0.476810,0.032898,0.409561
-0.219946,0.133257,-0.212217
0.533620,-0.576854,-0.530114
0.244164,0.133257,-0.437374
-0.329048,0.133257,-0.203271
0.511966,-0.255802,-0.461001
-0.109166,0.122780,0.245235
0.573240,-0.450986,-0.502429
0.481310,-0.400096,0.518902
0.026957,0.122780,-0.116986
-0.434793,-0.087252,0.435587
0.463031,0.091922,0.387648
-0.263329,0.133257,-0.262479
-0.280187,0.122780,-0.314420
-0.055270,0.122780,0.054773
0.041787,0.133257,0.126708
0.486918,-0.398879,-0.521999
-0.449807,0.122780,0.197463
0.361935,0.133257,-0.160202
0.059771,0.122780,0.408768
-0.273123,0.133257,-0.181598
0.504330,-0.456279,0.571821
-0.410925,0.122780,0.155612
-0.402920,-0.012108,0.454364
0.309810,0.122780,-0.032028
-0.502780,-0.484943,-0.570380
-0.458052,-0.290995,0.521023
-0.402994,-0.002775,-0.472345
-0.280907,0.122780,0.002187
-0.498870,-0.146294,-0.443626
0.471369,-0.320082,0.505124
-0.185362,0.133257,0.145707
0.501784,-0.468232,0.511008
-0.188018,0.122780,0.425903
-0.325211,0.122780,-0.382666
-0.345870,0.133257,0.319052
-0.229298,0.133257,0.267904
0.338307,0.133257,-0.026163
-0.071391,0.122780,-0.260229
-0.439182,0.133257,-0.178057
-0.440123,0.133257,0.117597
0.534671,-0.330633,0.464103
-0.272496,0.133257,-0.043243
0.087161,0.133257,0.083086
0.433464,-0.122759,-0.483726
-0.392259,0.133257,-0.138511
0.402274,0.081150,-0.417213
-0.453035,-0.009913,0.406315
0.240918,0.122780,0.303429
-0.239867,0.122780,-0.307005
0.548468,-0.496692,-0.505989
0.126523,0.122780,0.072720
-0.091441,0.133257,0.023122
-0.538047,-0.301564,0.464582
-0.308002,0.122780,0.004769
-0.110181,0.122780,-0.100145
-0.506137,-0.454121,-0.510471
0.179035,0.133257,0.044020
-0.485534,-0.231067,0.443905
-0.466094,0.122780,-0.274450
-0.447722,-0.245657,-0.509733
0.403584,0.122540,0.379994
0.345335,0.122780,0.376895
-0.501231,-0.522865,0.561455
0.301104,0.133257,0.110274
-0.545333,-0.591942,0.583146
-0.519344,-0.178222,0.452095
0.512464,-0.391187,-0.483836
-0.220168,0.133257,0.302267
-0.413876,0.126967,-0.366398
0.472143,-0.176747,0.435716
0.404432,0.061783,0.415519
-0.013732,0.133257,0.286995
0.141887,0.122780,-0.079911
-0.240715,0.133257,0.218084
0.436877,-0.071002,-0.438462
-0.110181,0.122780,-0.100145
-0.499184,-0.495143,-0.530373
0.256596,0.122780,0.111086
0.214228,0.122780,-0.067553
-0.398936,0.122780,0.044924
-0.521650,-0.573423,-0.549371
-0.279837,0.133257,-0.432301
0.270504,0.122780,-0.058202
0.131577,0.133257,0.142018
-0.030702,0.122780,-0.267441
0.401370,0.122780,-0.344024
0.473785,-0.279762,0.474118
-0.365532,0.121341,0.386099
0.536534,-0.477473,0.490571
0.349798,0.133257,-0.187851
0.303133,0.133257,-0.062278
-0.424076,-0.069711,-0.440399
0.485977,-0.384104,0.507098
0.010264,0.122780,-0.119623
-0.178685,0.122780,0.111454
-0.444790,0.032916,0.392831
-0.025002,0.133257,0.211518
0.491824,-0.051580,-0.428944
-0.480886,-0.116395,-0.434515
-0.116618,0.122780,-0.436507
-0.476810,0.032898,0.409561
0.458180,-0.205668,0.462129
-0.506008,-0.520707,-0.567281
-0.463161,0.133257,0.301566
-0.429444,0.122780,-0.142274
-0.185122,0.133257,-0.186929
-0.462829,0.118814,0.340891
-0.127925,0.133257,-0.360274
-0.458771,-0.092841,-0.425145
-0.175494,0.133257,0.018123
-0.499387,-0.473488,-0.577094
-0.291826,0.122780,0.446359
-0.230275,0.133257,0.185363
-0.050290,0.133257,0.080283
0.317907,0.133257,-0.056210
0.244201,0.122780,-0.361694
0.522738,-0.391187,0.479301
0.250786,0.122780,0.022015
0.365716,0.133257,-0.208620
0.044240,0.122780,-0.216293
0.420313,0.026645,0.411129
-0.202811,0.122780,-0.452185
0.421789,0.133257,0.293118
-0.524324,-0.308038,-0.472050
0.223414,0.133257,-0.109036
-0.484280,-0.432947,0.545057
0.497044,-0.373333,-0.493538
0.483505,0.038745,0.411793
0.368317,0.121728,-0.393751
-0.252723,0.133257,0.105626
0.102452,0.133257,-0.261741
0.565954,-0.397108,0.487122
-0.116618,0.122780,-0.436507
-0.249550,0.122780,0.373575
0.477806,-0.297985,0.468880
0.525062,-0.584047,-0.552580
-0.271610,0.122780,0.346738
-0.240402,0.122780,0.383351
-0.321578,0.133257,0.137130
-0.083288,0.133257,-0.082401
0.131577,0.133257,0.142018
0.414245,-0.040033,-0.451115
0.473305,0.123647,0.207054
-0.284725,0.133257,-0.380914
-0.303760,0.133257,0.181231
0.469745,-0.305105,-0.502668
-0.562118,-0.594764,0.551458
-0.265063,0.133257,0.084894
0.449696,-0.230329,0.481883
-0.221348,0.122780,-0.201058
-0.543101,-0.536681,0.507227
0.271739,0.133257,-0.201814
0.427912,0.133257,-0.139378
-0.171953,0.133257,-0.351918
-0.487822,-0.445987,-0.526186
-0.451854,-0.270963,0.502302
-0.169610,0.122780,0.012811
-0.458052,-0.290995,0.521023
-0.354336,0.120493,0.405153
0.456723,-0.008732,0.406112
0.433464,-0.122759,-0.483726
0.438094,-0.070191,0.429906
-0.509015,-0.364959,-0.482434
-0.486198,-0.448643,-0.548283
0.045088,0.122780,0.389972
0.186801,0.122780,-0.126835
0.399304,0.118279,-0.373794
-0.458052,-0.290995,0.521023
0.297913,0.133257,-0.237191
0.246267,0.122780,0.069824
0.063533,0.122780,0.357436
0.518643,-0.284262,-0.466609
0.537936,-0.283856,0.467201
-0.586649,-0.588382,0.538417
0.508904,-0.331555,-0.475665
0.387094,0.115125,-0.392645
0.214874,0.122780,0.432303
-0.534008,-0.509548,-0.510784
0.184015,0.133257,-0.240751
-0.309662,0.122780,-0.436894
0.063533,0.122780,0.357436
0.533805,-0.543302,0.508297
0.434128,-0.012292,0.413619
-0.081573,0.122780,0.367377
-0.238354,0.133257,0.378168
0.524545,-0.575397,0.561270
0.183185,0.122780,0.096828
-0.185362,0.133257,0.145707
0.147495,0.122780,-0.390062
0.073789,0.133257,-0.248184
-0.193865,0.122780,-0.214430
-0.018325,0.133257,-0.359739
0.497357,-0.133457,-0.439845
0.473305,0.131467,-0.091569
0.092953,0.122780,-0.383644
-0.291494,0.122780,-0.357323
0.518643,-0.284262,-0.466609
0.219393,0.122780,-0.297985
-0.436582,-0.145132,0.494426
0.419944,0.022919,-0.488724
-0.353838,0.133257,0.065232
0.185675,0.122780,0.445399
0.030333,0.122780,0.345594
-0.153582,0.133257,0.011668
0.482952,-0.381983,-0.553982
-0.345464,0.122780,-0.373665
0.040772,0.122780,0.271962
0.417159,0.133257,-0.299978
-0.149671,0.133257,-0.193016
0.495199,-0.251855,0.447650
-0.051747,0.122780,0.250511
0.423430,0.117302,0.354909
0.299480,0.133257,0.287290
0.403233,0.133257,0.050236
-0.130120,0.133257,0.370790
-0.469229,0.133146,-0.140761
0.529931,-0.288025,0.463180
-0.223857,0.133257,0.442135
0.408287,0.086720,0.468179
-0.413728,-0.019191,0.484189
-0.496140,-0.421179,0.568427
-0.011814,0.133257,0.409874
0.452094,0.018788,-0.408175
0.456557,0.122780,-0.020611
-0.446579,-0.100090,-0.437687
0.111914,0.133257,-0.200541
0.473305,0.126985,0.017441
-0.436176,-0.165662,-0.508995
-0.412345,0.122780,-0.055417
0.549040,-0.466203,0.487749
0.331704,0.122780,0.249570
0.007147,0.122780,-0.410260
-0.252723,0.133257,0.105626
0.247872,0.122780,-0.088544
-0.490275,-0.212327,-0.452148
-0.284725,0.133257,-0.380914
0.529562,-0.528805,-0.513883
-0.439182,0.133257,-0.178057
0.197388,0.122780,-0.415258
-0.304922,0.122780,-0.167654
-0.431325,0.122780,0.032178
0.129861,0.133257,-0.202533
0.487028,-0.154410,-0.435584
-0.559148,-0.599670,0.566693
0.165589,0.133091,0.467589
-0.027935,0.133257,-0.118148
-0.301399,0.122780,-0.373499
0.502504,-0.508774,-0.565363
-0.385231,0.133257,0.289964
0.566637,-0.411735,-0.502668
0.296105,0.133257,-0.120343
0.403584,0.122540,0.379994
-0.498077,-0.395098,0.489575
0.479281,0.072388,-0.410628
-0.054772,0.133257,-0.365162
-0.238834,0.122780,0.145485
-0.425625,0.133257,0.013992
0.464267,0.133257,-0.044202
0.059771,0.122780,0.408768
0.520155,-0.267533,-0.464119
0.368317,0.121728,-0.393751
-0.391853,0.133257,-0.227341
0.442502,-0.091402,-0.434183
-0.583311,-0.568609,0.523052
0.557303,-0.374993,-0.493464
0.154817,0.122780,-0.150832
0.513847,-0.539687,-0.571984
0.366104,0.133257,0.269029
0.244201,0.122780,-0.361694
0.533805,-0.543302,0.508297
-0.007996,0.133257,-0.392995
-0.225166,0.133257,-0.110143
0.259049,0.133257,-0.393087
-0.577224,-0.511301,-0.511245
-0.102803,0.133257,0.188923
-0.032417,0.133257,-0.197922
0.448110,0.122780,0.055566
-0.182503,0.133257,0.058831
-0.212827,0.133257,0.024358
-0.216977,0.133257,-0.471736
0.572262,-0.581096,-0.532273
0.213767,0.122780,-0.409835
-0.420590,-0.080096,0.444274
0.165534,0.122780,0.299795
0.068606,0.122780,0.000914
0.391945,0.133257,-0.163356
-0.498409,-0.487691,0.542475
-0.212827,0.133257,0.024358
-0.572963,-0.587349,-0.542971
-0.087660,0.122780,0.267627
0.331169,0.133257,-0.120380
0.062408,0.122780,-0.202699
0.200745,0.133257,-0.244569
0.255932,0.133257,-0.465004
0.376580,0.116084,0.451007
-0.443720,0.062428,0.387427
0.462109,-0.271277,0.477420
0.580120,-0.553134,-0.521169
-0.470502,-0.313405,0.478877
-0.301399,0.122780,-0.373499
0.438039,-0.117815,-0.502576
0.481403,-0.315084,0.479596
-0.485571,-0.251430,-0.461702
0.518643,-0.284262,-0.466609
-0.037286,0.133257,0.202775
0.473305,0.130545,-0.198180
-0.296622,0.133257,-0.082512
0.349798,0.133257,-0.187851
-0.226623,0.133257,0.118261
0.473305,0.130545,-0.198180
0.477548,-0.025941,-0.413985
-0.495421,-0.325985,-0.477528
-0.495402,-0.449842,0.554685
0.491160,-0.323052,0.467091
0.190951,0.133257,0.372542
0.181341,0.122780,-0.365531
-0.193865,0.122780,0.444348
-0.012312,0.122780,0.429906
-0.555053,-0.591776,-0.534172
-0.381653,0.111473,0.440622
0.557340,-0.515930,0.497008
0.386116,0.133257,0.023528
0.473305,0.132759,0.093747
0.463935,-0.207052,-0.531184
-0.443609,0.122780,0.086757
0.018897,0.133257,0.335486
-0.472881,-0.077532,-0.427044
-0.428650,0.133257,-0.069582
0.432413,-0.103318,-0.493114
0.568868,-0.589046,0.523716
0.526500,-0.423650,-0.493096
-0.000120,0.133257,0.322944
-0.359021,0.122780,-0.198918
0.535852,-0.472917,-0.497043
0.473305,0.125860,-0.058478
0.473305,0.123204,0.333845
0.256080,0.122780,0.091608
-0.035903,0.122780,-0.402623
0.230478,0.122780,0.437708
-0.207976,0.133257,0.244830
-0.175494,0.133257,0.018123
-0.459970,0.122780,-0.030147
0.186801,0.122780,-0.126835
0.435456,-0.080428,0.428522
-0.347087,0.122780,0.039427
0.002684,0.122780,0.029338
0.165810,0.133257,0.390157
-0.422010,0.122780,-0.077975
-0.321578,0.133257,0.137130
0.205485,0.133257,0.150927
0.393347,0.118704,-0.404579
-0.110181,0.122780,-0.100145
0.039039,0.133257,-0.439937
0.444291,0.122356,0.336187
-0.429444,0.122780,-0.142274
-0.523033,-0.542233,0.519659
-0.194271,0.133257,-0.253589
-0.330948,0.122780,0.035203
0.226402,0.133257,0.387021
0.013474,0.133257,0.086886
-0.439330,-0.119033,0.511690
-0.420553,-0.022677,0.417492
0.295865,0.122780,-0.214910
-0.311488,0.133257,-0.203916
0.143566,0.133257,-0.336757
0.248443,0.122780,-0.219263
-0.394601,0.075745,0.420425
0.414245,0.109500,0.378758
-0.396870,0.021075,0.449734
0.399304,0.118279,-0.373794
-0.084874,0.122780,-0.257757
0.323459,0.122780,0.306435
-0.234831,0.133257,-0.157066
-0.448755,0.133257,-0.085242
0.414927,0.122780,0.258257
-0.140578,0.122780,-0.419076
0.403934,0.039575,0.416957
0.257205,0.122780,-0.003291
0.266224,0.122780,-0.074857
0.437356,0.133257,0.318517
-0.348710,0.133257,-0.230994
0.218341,0.122780,0.327204
0.368760,0.133257,0.368134
-0.423191,0.133257,0.289079
0.043705,0.122780,-0.029797
-0.184182,0.122780,0.128092
-0.095203,0.133257,0.113078
-0.229298,0.133257,0.267904
0.478230,-0.384123,-0.523733
-0.486291,-0.384971,0.489520
0.506229,-0.490144,0.514789
-0.019376,0.122780,-0.324712
0.421789,0.133257,0.293118
0.275096,0.122780,0.124089
0.095314,0.133257,0.190989
0.519491,-0.558925,0.571692
0.465780,-0.294628,0.507190
0.505805,-0.521482,-0.572058
-0.280648,0.122780,-0.281809
0.533805,-0.543302,0.508297
0.448755,-0.015151,0.402995
-0.301399,0.122780,-0.373499
-0.347548,0.126524,0.408639
-0.329767,0.133257,-0.383330
0.434460,-0.110290,0.488763
-0.139895,0.133257,-0.282418
0.408545,0.122780,0.282937
-0.227675,0.122780,0.105958
-0.153545,0.122780,0.232195
0.024504,0.122780,0.332572
0.015632,0.122780,-0.288007
-0.485682,-0.354095,-0.485865
0.515765,-0.360845,0.468308
-0.115585,0.133257,0.040921
0.252815,0.133257,0.180697
-0.331077,0.133257,0.336408
0.504883,-0.473636,-0.526555
0.051028,0.133257,-0.310159
0.353819,0.122780,0.180033
-0.453994,-0.061116,-0.424370
0.453920,-0.211018,0.508739
0.530743,-0.564477,-0.525208
0.473305,0.130545,-0.198180
-0.410353,-0.005892,0.435181
0.432413,-0.103318,-0.493114
0.325303,0.122780,-0.168262
0.399101,0.115992,0.372800
0.463991,-0.246100,-0.479594
-0.474006,-0.352416,0.527332
0.279523,0.122780,0.277957
-0.365440,0.122780,-0.348967
0.511080,-0.527237,-0.566894
0.116673,0.122780,0.239481
0.436877,-0.071002,-0.438462
0.285038,0.122780,-0.318791
-0.013124,0.122780,0.211112
-0.278767,0.133257,0.044407
-0.213694,0.133257,-0.021884
0.221846,0.122780,0.198367
-0.419742,0.125547,0.359907
0.082384,0.133257,-0.123810
-0.420848,0.133257,0.233172
0.244164,0.133257,-0.437374
0.239996,0.133257,0.058259
0.468879,0.121415,0.357694
0.009840,0.122780,-0.395282
0.417159,0.133257,-0.299978
0.473305,0.123647,0.207054
-0.339746,0.122780,0.304757
-0.342605,0.122780,0.088952
-0.538047,-0.301564,0.464582
0.290793,0.133257,0.157106
0.466038,0.133257,-0.055011
-0.115604,0.133257,-0.011020
0.192574,0.133257,-0.421954
0.394029,0.096330,0.405079
-0.396870,0.021075,0.449734
-0.350462,0.115310,-0.465963
0.415093,-0.026661,-0.464414
0.437577,-0.171601,0.479486
0.148712,0.122780,0.017053
-0.128275,0.133257,0.426678
-0.126043,0.133257,-0.114090
-0.412050,-0.054439,0.450712
0.277771,0.122780,0.266853
0.415130,-0.031364,-0.443128
0.409449,0.057577,-0.476440
0.456945,-0.235125,-0.488245
-0.316727,0.122780,0.244295
0.292969,0.122780,0.214727
-0.298835,0.122780,-0.399211
-0.436194,0.133257,-0.318017
0.470170,0.133257,-0.023230
0.457166,-0.248885,0.497838
-0.451172,-0.266942,-0.508202
0.054329,0.133257,-0.122279
0.218341,0.122780,0.327204
0.100626,0.122780,0.321948
0.557414,-0.588013,0.531888
0.193201,0.122780,-0.260837
0.098413,0.122780,-0.281569
-0.195986,0.122780,0.248445
0.424924,0.088731,-0.397348
-0.413765,0.133257,-0.286181
0.285259,0.133257,0.268236
0.475205,-0.338232,-0.530686
0.543119,-0.588068,-0.592145
-0.401315,0.105497,0.396170
0.579954,-0.530944,-0.512537
0.418487,-0.067811,-0.478543
0.122188,0.133257,0.001541
-0.445122,0.122780,-0.291714
0.510822,-0.469541,-0.508350
-0.375972,0.133257,0.225813
-0.135708,0.133257,-0.080907
0.207311,0.133257,0.264215
0.017716,0.122780,-0.216035
0.055288,0.133257,-0.049514
0.448755,-0.015151,0.402995
-0.439182,0.133257,-0.178057
0.297083,0.122780,-0.172984
0.246544,0.133257,-0.194657
-0.309773,0.122780,-0.096272
0.344302,0.133257,-0.282270
0.040108,0.122780,0.008679
0.060988,0.122780,-0.090739
0.576246,-0.435603,0.498816
0.421106,-0.014579,0.488708
0.568352,-0.548762,0.509293
0.397368,0.049443,0.455931
-0.471977,-0.240142,-0.458327
-0.522627,-0.451336,0.492545
-0.195986,0.122780,0.248445
-0.379384,0.133257,0.253185
-0.384549,0.122780,0.281922
0.460246,-0.269783,-0.488466
0.270688,0.122780,0.339563
0.528658,-0.499606,-0.511928
-0.286698,0.122780,-0.109331
0.165534,0.122780,0.299795
-0.559148,-0.599670,0.566693
-0.186727,0.133257,-0.168152
-0.153545,0.122780,0.232195
0.469377,0.122780,-0.079210
-0.434553,0.133257,0.103320
0.270688,0.122780,0.339563
0.017716,0.122780,-0.216035
-0.556658,-0.574898,-0.525485
0.485682,-0.084817,-0.424167
-0.471775,0.031680,-0.413008
0.277771,0.122780,0.266853
0.295330,0.122780,-0.387074
0.474744,-0.284410,-0.550385
0.275096,0.122780,0.124089
0.181193,0.133257,0.177856
-0.423191,0.133257,0.289079
0.428761,0.122780,-0.100625
-0.348618,0.128442,-0.440417
-0.430956,-0.109109,0.452113
-0.493189,-0.169498,-0.439550
-0.529157,-0.346477,0.466076
-0.276093,0.122780,0.261799
-0.291494,0.122780,-0.357323
0.449825,0.133257,0.054810
-0.420369,0.070876,0.389124
0.424703,0.133257,0.052043
-0.450028,-0.105937,-0.431508
-0.313038,0.122780,0.381525
-0.478581,-0.278157,0.465394
0.424408,0.133257,0.279303
0.478230,-0.112632,-0.432947
0.008752,0.122780,0.146020
0.435917,0.051638,-0.397717
0.324842,0.133257,0.145541
-0.458033,-0.255525,-0.523972
-0.017016,0.122780,-0.136740
-0.158156,0.122780,-0.443055
0.281036,0.133257,0.177137
-0.396575,0.100019,0.403695
-0.041824,0.122780,0.344856
-0.100386,0.122780,-0.366914
0.171547,0.133257,0.401925
0.033321,0.122780,0.200304
-0.155979,0.133257,0.442227
-0.294704,0.133257,0.085207
0.455635,0.133257,0.290850
0.043594,0.122780,-0.317039
0.478230,-0.384123,-0.523733
0.452094,0.018788,-0.408175
-0.570215,-0.461757,-0.503701
0.061431,0.122780,-0.075448
-0.235329,0.122780,-0.068439
-0.256246,0.133257,-0.105292
-0.417288,-0.081313,-0.461905
0.549003,-0.593122,-0.568259
-0.083288,0.133257,-0.082401
0.413138,-0.045143,-0.467014
0.005432,0.122780,0.400504
0.015632,0.122780,-0.288007
0.256356,0.133257,-0.328014
-0.562745,-0.383736,-0.495955
0.260304,0.133257,0.409708
-0.295294,0.122780,0.160407
-0.296622,0.133257,-0.082512
-0.415739,-0.025370,-0.483412
0.281607,0.133257,-0.267680
0.148048,0.133257,0.260729
0.007774,0.133257,-0.233059
0.159502,0.133257,-0.313203
0.581503,-0.485957,0.510159
0.518643,-0.284262,-0.466609
0.103669,0.122780,-0.389896
0.207164,0.122780,-0.011112
0.199546,0.133257,0.454308
-0.457996,0.122780,-0.322609
0.464894,0.122780,-0.109331
-0.138752,0.133257,0.198053
-0.004842,0.133257,-0.190636
0.395117,0.059754,-0.459876
0.009545,0.122780,-0.150943
0.391059,0.073440,0.440069
-0.126597,0.133257,0.320325
0.297193,0.133257,0.202812
0.518643,-0.284262,-0.466609
0.145798,0.133257,0.309350
-0.535520,-0.357027,0.469064
-0.494720,-0.054955,-0.427856
-0.216589,0.133257,0.339028
-0.289465,0.133257,-0.181690
-0.008531,0.122780,0.062649
-0.419612,0.122780,-0.302910
-0.350942,0.133257,-0.215149
-0.527552,-0.239810,-0.467808
-0.325894,0.122780,0.284136
-0.060066,0.133257,-0.283598
0.508185,-0.517664,-0.555347
-0.440197,0.039667,-0.399285
-0.423191,0.133257,0.289079
0.030222,0.133257,0.142239
-0.113058,0.133257,0.341167
0.039961,0.133257,0.041917
-0.164538,0.133257,-0.132996
-0.461648,-0.177300,-0.451963
-0.484280,-0.432947,0.545057
0.408877,0.122780,-0.120398
0.273104,0.122780,-0.177116
-0.546550,-0.343802,-0.486972
0.159779,0.122780,0.227786
0.140061,0.133257,-0.106583
-0.190600,0.122780,-0.402623
-0.460763,-0.202109,-0.454122
0.312945,0.122780,-0.434201
0.017716,0.122780,-0.216035
-0.361142,0.133257,-0.090591
0.477548,-0.025941,-0.413985
-0.432727,-0.006150,-0.417785
-0.247890,0.133257,0.352824
0.016702,0.122780,0.262832
0.334194,0.133257,-0.090019
0.473305,0.125860,-0.058478
-0.272496,0.133257,-0.043243
0.138383,0.133257,-0.389011
0.424703,0.133257,0.052043
-0.472734,-0.357525,-0.505251
0.456889,0.122780,-0.248793
-0.028562,0.133257,0.221552
-0.140578,0.122780,-0.419076
0.159133,0.133257,0.378297
-0.249550,0.122780,0.373575
-0.329730,0.122780,-0.133106
0.073789,0.133257,-0.248184
0.326816,0.133257,-0.322130
0.417749,0.122780,-0.210926
0.251727,0.133257,0.076225
0.473305,0.131467,-0.091569
-0.090795,0.133257,0.425922
-0.378204,0.133257,0.012534
-0.331925,0.122780,-0.070818
0.036327,0.122780,-0.002572
0.462644,0.133257,-0.182705
0.420313,0.026645,0.411129
0.528658,-0.499606,-0.511928
0.171731,0.122780,0.270044
0.395136,0.122780,-0.017125
0.207311,0.133257,0.264215
-0.358375,0.123555,0.436952
-0.315731,0.133257,0.241860
0.385028,0.133257,-0.098799
0.209765,0.133257,0.019378
0.399101,0.115992,0.372800
0.040772,0.122780,0.271962
-0.352768,0.133257,0.122853
-0.233190,0.122780,0.431141
0.120141,0.122780,0.444846
-0.581337,-0.556490,0.517076
-0.526833,-0.264397,-0.462680
0.429111,0.133257,-0.320544
-0.155979,0.133257,0.442227
-0.473250,-0.064491,0.417640
0.148029,0.133257,-0.122648
-0.586742,-0.533656,-0.519583
-0.305070,0.122780,0.169427
0.590172,-0.512333,-0.518162
0.535852,-0.229739,0.456669
-0.482491,-0.328253,0.547824
0.508904,-0.331555,-0.475665
-0.155057,0.122780,0.146076
0.195949,0.133257,-0.100570
0.046214,0.122780,0.224042
-0.278564,0.122780,0.403917
0.281036,0.133257,0.177137
-0.450784,-0.231067,0.485240
-0.337367,0.122503,0.439663
-0.418174,0.122780,0.193331
0.481569,-0.332422,-0.548043
0.014322,0.133257,0.064438
-0.247761,0.133257,0.265838
-0.141353,0.133257,0.010727
-0.449807,0.122780,0.197463
-0.268309,0.122780,0.234703
0.473803,-0.267238,0.537458
-0.203770,0.122780,-0.281865
-0.195396,0.133257,0.109997
0.404450,0.122780,0.274083
0.277365,0.133257,-0.381486
0.364093,0.133257,-0.223044
0.456557,0.122780,-0.020611
-0.280907,0.122780,0.002187
0.106990,0.122780,-0.197701
0.347161,0.122780,-0.303648
-0.228173,0.133257,-0.120158
-0.161273,0.122780,-0.184992
0.036309,0.122780,0.410077
-0.371121,0.133257,-0.326852
0.170237,0.122780,0.423690
-0.083288,0.133257,-0.082401
0.368317,0.121728,-0.393751
-0.489334,-0.344208,-0.479797
-0.550571,-0.389583,-0.486400
-0.488633,-0.111987,0.428172
-0.354391,0.133257,-0.316117
0.407346,0.133257,0.021167
-0.469229,0.099631,-0.394028
-0.386522,0.080412,-0.451871
0.099040,0.122780,0.383959
0.413138,-0.045143,-0.467014
0.425736,0.122780,0.089062
-0.075246,0.122780,-0.344725
-0.254844,0.122780,-0.290589
0.020132,0.133257,0.181065
-0.018842,0.133257,-0.380932
-0.074269,0.122780,0.034244
-0.043761,0.133257,0.153158
-0.492543,-0.219945,0.440751
0.035110,0.133257,-0.246045
-0.015614,0.133257,0.236566
-0.233190,0.122780,0.431141
0.452038,0.074048,-0.398897
0.507668,-0.177485,0.441673
0.429517,-0.123109,0.485499
0.256356,0.133257,-0.328014
-0.439312,0.116250,-0.356880
-0.431325,0.122780,0.032178
0.078972,0.122780,-0.215149
-0.514585,-0.413192,0.485646
-0.308002,0.122780,0.004769
-0.013732,0.133257,0.286995
-0.487158,-0.425716,0.526502
0.401721,0.076151,-0.476052
-0.340392,0.122780,-0.093745
-0.396575,0.100019,0.403695
-0.076316,0.133257,0.440475
-0.321633,0.133257,-0.456482
0.135487,0.133257,-0.116027
-0.038412,0.122780,0.308815
0.310381,0.133257,0.243612
-0.417251,0.133257,0.133496
0.481310,-0.400096,0.518902
0.590172,-0.512333,-0.518162
0.470170,0.133257,-0.023230
0.550663,-0.569347,0.516338
-0.185085,0.122780,-0.042358
-0.339746,0.122780,0.304757
-0.155408,0.133257,-0.001318
0.312853,0.122780,-0.161881
0.161070,0.133257,0.358284
-0.374994,0.122780,0.280723
0.409062,0.133257,0.077627
0.262462,0.133257,0.089800
-0.436563,0.077258,0.384402
0.443258,0.133257,-0.133531
-0.149431,0.122780,0.436786
0.257186,0.133257,-0.384178
-0.464304,0.106511,-0.397385
0.482970,-0.338066,0.487620
-0.456650,-0.236748,-0.470833
-0.324012,0.122780,-0.196981
0.149800,0.122780,0.284505
0.323588,0.133257,-0.359573
-0.413876,0.126967,-0.366398
0.428761,0.122780,-0.100625
-0.538139,-0.537621,-0.516576
0.049939,0.133257,0.298836
-0.114847,0.122780,0.233320
-0.424224,0.133257,-0.246856
-0.002997,0.133257,0.208235
-0.417860,0.122780,-0.154890
-0.008531,0.122780,0.062649
-0.533694,-0.332367,-0.478690
-0.325728,0.133257,0.244313
0.473785,-0.279762,0.474118
-0.406018,0.114535,0.385546
0.399304,0.036882,0.430090
0.344302,0.133257,-0.282270
0.053628,0.133257,-0.362635
-0.003957,0.122780,0.319347
-0.000784,0.133257,0.433558
0.443185,-0.175825,0.505917
0.316726,0.122780,-0.025480
0.221846,0.122780,0.198367
0.133144,0.133257,-0.433131
0.286809,0.122780,-0.153285
0.174055,0.133257,-0.189917
0.511394,-0.416475,0.489667
-0.045642,0.133257,-0.130709
-0.461796,-0.308554,-0.532697
0.399304,0.118279,-0.373794
-0.434793,-0.087252,0.435587
0.140061,0.133257,-0.106583
0.548468,-0.496692,-0.505989
0.530743,-0.564477,-0.525208
-0.278564,0.122780,0.403917
-0.008531,0.122780,0.062649
0.347179,0.133257,0.087937
0.412714,0.012129,0.479338
-0.177302,0.122780,0.262721
-0.174885,0.133257,0.285242
0.036309,0.122780,0.410077
-0.540740,-0.586666,-0.543413
-0.140449,0.122780,-0.037009
-0.069713,0.133257,0.197131
0.089375,0.131394,-0.474946
0.470815,-0.074820,-0.420423
-0.195396,0.133257,0.109997
-0.078954,0.133257,-0.195542
0.364093,0.133257,-0.223044
-0.374367,0.122780,-0.222324
0.391705,0.102638,0.447687
-0.070819,0.133257,-0.303999
-0.423947,-0.061485,-0.493464
-0.424076,-0.069711,-0.440399
-0.419742,0.125547,0.359907
-0.401167,0.006854,0.463180
0.522313,-0.440048,-0.492856
0.347456,0.122780,-0.349687
0.506893,-0.299848,0.456448
-0.582647,-0.537972,0.515859
0.062408,0.122780,-0.202699
0.415130,-0.031364,-0.443128
0.323127,0.122780,-0.433703
0.226974,0.133257,-0.061909
-0.429444,0.122780,-0.142274
-0.279413,0.122780,0.061598
-0.446929,0.061174,-0.400816
0.488504,-0.383772,-0.498795
0.120141,0.122780,0.444846
0.347456,0.122780,-0.349687
0.370715,0.122780,0.268974
0.039481,0.122780,-0.190710
0.068606,0.122780,0.000914
-0.502743,-0.335521,0.469784
0.546236,-0.310140,-0.475499
-0.074047,0.122780,0.247984
0.028064,0.122780,-0.087455
-0.116618,0.122780,-0.436507
0.416643,0.122780,0.097639
-0.556658,-0.574898,-0.525485
-0.340207,0.122891,0.426401
-0.413396,0.122780,-0.041159
-0.459380,0.133257,0.241823
0.122188,0.133257,0.001541
0.109369,0.122780,-0.135191
-0.003661,0.122780,-0.264121
0.009748,0.122780,-0.359536
0.399673,0.120437,-0.396020
-0.193662,0.133257,-0.159114
-0.036899,0.122780,0.437118
-0.527552,-0.239810,-0.467808
-0.526501,-0.543468,-0.524802
0.052079,0.122780,0.325563
0.427599,0.122780,-0.110382
0.404450,0.122780,0.274083
0.557414,-0.588013,0.531888
-0.474541,-0.332883,0.491549
0.183425,0.133257,-0.079247
-0.259437,0.133257,0.191985
-0.045642,0.133257,-0.130709
-0.437338,0.133257,0.172858
-0.207976,0.133257,0.244830
0.470133,0.131855,-0.342272
0.101069,0.133257,-0.181045
0.508904,-0.331555,-0.475665
-0.216940,0.133257,-0.177374
-0.458052,-0.167137,-0.444530
0.583237,-0.497670,-0.519269
-0.190176,0.133257,-0.079690
-0.251506,0.133257,0.304314
-0.212827,0.133257,0.024358
-0.135210,0.133257,0.239720
0.376691,0.113447,-0.412067
-0.515655,-0.555365,0.525635
-0.445085,-0.203695,0.494149
0.283249,0.122780,-0.111120
-0.430956,-0.109109,0.452113
-0.491935,-0.438314,0.562045
0.098671,0.133257,-0.036289
-0.008568,0.122780,0.121747
0.006557,0.122780,0.449881
0.555809,-0.590374,-0.585265
-0.048593,0.133257,0.011889
-0.409154,0.133257,0.263606
0.152548,0.122780,-0.354943
0.253903,0.133257,-0.263826
-0.469819,-0.307945,-0.484722
-0.506008,-0.520707,-0.567281
0.014322,0.133257,0.064438
-0.464526,0.114092,0.373575
0.271739,0.133257,-0.201814
-0.507078,-0.477048,0.570917
0.135487,0.133257,-0.116027
0.403934,0.039575,0.416957
-0.507133,-0.311450,-0.465760
0.183425,0.133257,-0.079247
-0.447520,0.133257,-0.313239
0.017052,0.122780,0.369333
0.523826,-0.560253,0.522388
0.470133,0.131855,-0.342272
0.246544,0.133257,-0.194657
